inherited Form1_LgXhdpiPh: TForm1_LgXhdpiPh
  ClientHeight = 695
  ClientWidth = 450
  DesignerMasterStyle = 0
  inherited Image1: TImage
    MultiResBitmap.Height = 1036
    MultiResBitmap.Width = 676
    Margins.Left = -10.000000000000000000
    Margins.Top = -10.000000000000000000
    Margins.Right = -10.000000000000000000
    Margins.Bottom = -10.000000000000000000
    Size.Width = 470.000000000000000000
    Size.Height = 715.000000000000000000
  end
  inherited btnAbrirConta: TCornerButton
    Position.X = 128.000000000000000000
    Position.Y = 384.000000000000000000
    Size.Width = 199.000000000000000000
    Size.Height = 61.000000000000000000
    TextSettings.Font.StyleExt = {00070000000000000004000000}
  end
  inherited btnAcessarConta: TCornerButton
    Position.X = 132.000000000000000000
    Position.Y = 472.000000000000000000
    Size.Width = 193.000000000000000000
    Size.Height = 49.000000000000000000
    TextSettings.Font.StyleExt = {00070000000000000004000000}
  end
end
