inherited frmTelaCadastroChatBot_LgXhdpiPh: TfrmTelaCadastroChatBot_LgXhdpiPh
  ClientHeight = 695
  ClientWidth = 450
  DesignerMasterStyle = 0
  inherited Layout1: TLayout
    Size.Width = 450.000000000000000000
    Size.Height = 695.000000000000000000
    inherited edtMensagem: TEdit
      Position.X = -72.000000000000000000
      Position.Y = 364.000000000000000000
      Size.Height = 32.000000000000000000
    end
    inherited btnEnviar: TSpeedButton
      Position.X = 334.000000000000000000
      Position.Y = 354.000000000000000000
      Size.Width = 48.000000000000000000
      Size.Height = 48.000000000000000000
    end
    inherited memoChat: TMemo
      Position.X = 15.000000000000000000
      Size.Width = 378.000000000000000000
      Size.Height = 337.000000000000000000
      Viewport.Width = 378.000000000000000000
      Viewport.Height = 337.000000000000000000
    end
  end
end
