inherited frmTelaCadastroChatBot_LgXhdpiPh: TfrmTelaCadastroChatBot_LgXhdpiPh
  ClientHeight = 695
  ClientWidth = 450
  DesignerMasterStyle = 0
  inherited Layout1: TLayout
    Size.Width = 450.000000000000000000
    Size.Height = 695.000000000000000000
    inherited edtMensagem: TEdit [0]
      Position.X = 16.000000000000000000
      Position.Y = 360.000000000000000000
      Size.Width = 287.000000000000000000
      Size.Height = 32.000000000000000000
    end
    inherited btnEnviar: TSpeedButton [1]
      Position.X = 300.000000000000000000
      Position.Y = 352.000000000000000000
      Size.Width = 48.000000000000000000
      Size.Height = 48.000000000000000000
    end
    inherited memoChat: TMemo [2]
      ShowScrollBars = False
      TextSettings.WordWrap = True
      Position.X = 15.000000000000000000
      Size.Width = 332.000000000000000000
      Size.Height = 337.000000000000000000
      Viewport.Width = 332.000000000000000000
      Viewport.Height = 337.000000000000000000
    end
    inherited Image1: TImage [3]
      MultiResBitmap.Height = 1036
      MultiResBitmap.Width = 676
      Size.Width = 450.000000000000000000
      Size.Height = 695.000000000000000000
    end
  end
end
