inherited frmTelaCadastroChatBot_LgXhdpiPh: TfrmTelaCadastroChatBot_LgXhdpiPh
  ClientHeight = 695
  ClientWidth = 450
  DesignerMasterStyle = 0
  inherited Layout1: TLayout
    Size.Width = 450.000000000000000000
    Size.Height = 695.000000000000000000
    inherited edtMensagem: TEdit
      Position.X = 16.000000000000000000
      Position.Y = 360.000000000000000000
      Size.Width = 235.000000000000000000
      Size.Height = 32.000000000000000000
    end
    inherited btnEnviar: TSpeedButton
      Position.X = 266.000000000000000000
      Position.Y = 350.000000000000000000
      Size.Width = 48.000000000000000000
      Size.Height = 48.000000000000000000
    end
    inherited memoChat: TMemo
      ShowScrollBars = False
      TextSettings.WordWrap = True
      Position.X = 15.000000000000000000
      Size.Width = 298.000000000000000000
      Size.Height = 337.000000000000000000
      Viewport.Width = 298.000000000000000000
      Viewport.Height = 337.000000000000000000
    end
  end
end
